SM:2021-08-25T12:26:47.5475606Z
LM:2021-08-25T12:26:48.8828351Z
CT:image/jpeg
MA:604800
CL:71247
