SM:2021-08-30T17:31:45.0532105Z
LM:2021-08-30T17:31:47.4169927Z
CT:image/jpeg
MA:604800
CL:30578
