SM:2021-08-24T11:59:45.1088132Z
LM:2021-08-24T11:59:45.9323664Z
CT:image/jpeg
MA:604800
CL:35392
