SM:2021-08-17T07:15:12.7137566Z
LM:2021-08-17T07:15:13.1655531Z
CT:image/jpeg
MA:604800
CL:45565
