SM:2021-08-24T09:59:02.2116563Z
LM:2021-08-24T09:59:03.0943497Z
CT:image/jpeg
MA:604800
CL:25990
