SM:2021-08-24T06:59:26.0865385Z
LM:2021-08-24T06:59:27.3516658Z
CT:image/jpeg
MA:604800
CL:96267
