SM:2021-08-30T17:30:27.9029937Z
LM:2021-08-30T17:30:29.7554273Z
CT:image/jpeg
MA:604800
CL:32143
