SM:2021-08-24T10:17:55.3869950Z
LM:2021-08-24T10:17:56.1933724Z
CT:image/jpeg
MA:604800
CL:55775
