SM:2021-08-24T11:58:46.3055257Z
LM:2021-08-24T11:58:48.9559661Z
CT:image/jpeg
MA:604800
CL:53228
