SM:2021-08-30T17:42:09.3925995Z
LM:2021-08-30T17:42:12.9801090Z
CT:image/jpeg
MA:604800
CL:54664
