SM:2021-08-25T12:26:55.7412898Z
LM:2021-08-25T12:26:56.1908072Z
CT:image/jpeg
MA:604800
CL:49220
