SM:2021-08-16T08:51:54.9535451Z
LM:2021-08-16T08:51:55.9539458Z
CT:image/jpeg
MA:604800
CL:96474
