SM:2021-08-25T12:27:02.7035531Z
LM:2021-08-25T12:27:03.0482977Z
CT:image/jpeg
MA:604800
CL:55855
